6598
3309
1588
3717
4855
1577
4296
3265
1555
2260
100616237
780
101060835
3119
8714
4352
5287
1576
1499
208
2322
4255
3480
10111
2321
238
2248
2048
11200
54498
55294
2099
472
5894
102466733
6470
4846
7423
2041
673
5979
100129518
6648
675
5599
324
101928269
100506403
861
2065
873
874
2263
4771
3481
1031
7515
6582
253260
116085
5604
6240
9344
4216
2064
79811
1950
79623
1029
9212
1030
7518
7010
5290
2289
5728
1312
4780
896
2146
1826
89795
10549
7422
4193
1728
5781
6820
8394
1788
7249
545
6795
3356
25
1786
5291
117583
57551
2950
1571
5925
2068
596
898
7307
3082
2067
8828
4233
6790
7297
7172
4286
7298
1557
7248
9817
5594
1558
7525
5590
26040
8241
85413
285464
595
369
613
2261
2521
8289
3716
2249
5879
2052
5914
23136
4869
4835
6532
7153
6597
5155
695
10257
3320
4851
2534
101928717
6573
8314
5243
4297
5371
6241
3417
54659
54658
54600
54579
54576
54600
79651
50484
54657
54658
1436
5159
1545
1027
6555
2042
23090
6416
91
101930150
4763
1543
4067
1019
2776
728378
2904
6098
285761
64078
2271
367
4915
3156
5336
101929829
1565
2264
10000
6794
4313
9734
29072
5293
6850
3932
2066
9612
2043
4613
9429
5156
7372
5727
1806
3815
2475
3791
4363
84444
2224
4524
4214
11184
1021
672
4036
1956
894
6608
4854
2767
207
28234
10599
201163
1441
6714
1317
5605
840
1969
4916
3176
2324
53353
4615
865
6789
231
4893
3418
54790
1244
4914
79728
3845
5228
5241
3718
978
4853
5296
8085
7157
5295
4486
2214
4921
2328
27
